# all runs taken during the beamtest, w/ or w/o FERS
1778102138
1778103131
1778105124
1778106060
1778151888
1778160161
1778170482
1778177771
1778188076
1778227904
1778229351
1778243915
1778245803
1778247817
1778249027
1778250288
1778252602
1778253378
1778254321
1778256016
1778258908
1778261533
1778262853
1778272132
1778290233
1778308256
1778313124
1778322226
1778333988
1778344328
1778348069
1778355536
1778365858
1778377422
1778387033
1778398836
1778409419
1778412049
1778414421
1778415974
1778422562
1778426328
1778433880
1778441564
1778449139
1778450330
1778474026
1778475325
1778481171
1778513740
1778514923
1778522250
1778531597
1778539762
1778545765
1778546356
1778553665
1778561146
1778568885
1778589117
1778589872
1778596011
1778597886
1778598894
1778599081
1778601570
1778620686
1778627409